> [0.0, 0.0, 0.0, 0.0]
> [-0.0, -0.0, -0.0, 3.523229568086407e-52]
> [-6.839047550499799e-09, -1.2857555020673317e-09, 1.0805223382703844e-10, -6.527797577482451e-08]
> [-6.839047550499799e-09, -1.2857555020673317e-09, 1.0958878249311965e-10, -6.33724370202593e-08]
> [6.839091071242365e-09, -1.2860459364105736e-09, 1.1022915913372344e-10, -6.157488043057047e-08]
> [6.839653288182035e-09, -1.2889973532992371e-09, 1.0877521106067434e-10, -5.991594970167213e-08]
> [6.8402172814785445e-09, -1.2870682297716485e-09, 1.0800071947869583e-10, -5.838052961892882e-08]
> [6.8393966046187415e-09, 1.2951186789678104e-09, 1.0790479620936821e-10, -5.694968149838609e-08]
> [-6.839179000905915e-09, 1.346474931551711e-09, 1.0790834892304701e-10, -5.56067631246604e-08]
> [-6.840339850100463e-09, 1.361073920236322e-09, 1.0786216364522261e-10, -5.433789848630078e-08]
> [-6.840174648914399e-09, 1.3003278453993516e-09, -1.0788792081939391e-10, -5.313162990128185e-08]
> [-6.839090183063945e-09, -1.297453700033202e-09, -1.0808953732066584e-10, -5.197851345173365e-08]
> [6.8394561125728615e-09, -1.3315899494159567e-09, 1.0803802297232323e-10, -5.0870766585275895e-08]
> [6.840063626611936e-09, -1.3032304124749317e-09, 1.1394618582016847e-10, -4.980197533532848e-08]
> [6.839592892049495e-09, 1.2900205348387317e-09, 1.1800604937661774e-10, -4.876685247290346e-08]
> [6.839056432283996e-09, 1.3363434803181917e-09, 1.1283685097396301e-10, -4.7761038401983313e-08]
> [-6.839199429009568e-09, 1.340006328121035e-09, 1.0928857818726101e-10, -4.678093723509136e-08]
> [-6.839484534282292e-09, 1.3022090072922765e-09, 1.0886580525948375e-10, -4.5823581693027464e-08]
> [-6.839462329821799e-09, -1.285757278424171e-09, 1.092193002705244e-10, -4.48865220825656e-08]
> [-6.839128374735992e-09, -1.2951213435030695e-09, 1.0892886592728246e-10, -4.3967734703054255e-08]
> [6.839088406707106e-09, -1.2997496412481269e-09, 1.0822276408362086e-10, -4.306554649002869e-08]
> [6.83954848312851e-09, -1.2919620928641962e-09, 1.0789946713885001e-10, -4.217857306476613e-08]
> [6.839773192268694e-09, 1.2859810993859355e-09, 1.0785239368260591e-10, -4.130566759463771e-08]
> [6.839210975329024e-09, 1.3060681425258736e-09, -1.0787459814309841e-10, -4.044587882667816e-08]
> [-6.839127486557572e-09, 1.3326379999512028e-09, -1.0798739680240033e-10, -3.959841625433835e-08]
> [-6.839774968625534e-09, 1.3211094440634952e-09, 1.0810818906747954e-10, -3.8762621945576115e-08]
> [-6.839806054870223e-09, 1.289009787797113e-09, 1.1393641585755176e-10, -3.793794668693895e-08]
> [-0.00046473886907349993, 0.0028378106481223853, -3.845782847733403e-06, -3.694744779927551e-08]
> [-0.0015600188570914497, 0.009619088562953237, -9.925742955552153e-06, -3.4615553959930035e-08]
> [-0.0026154402532725385, 0.01741975921746519, -1.2021437416187553e-05, -3.0956605507496204e-08]
> [-0.0028842048710515655, 0.023237304150888427, -8.471230375839411e-06, -2.7722325309552786e-08]
> [-0.002381464607850603, 0.027017482698259876, -4.2647357831882005e-06, -2.5126559634061384e-08]
> [-0.001835445706899641, 0.031230384775649433, -4.288249104256181e-06, -2.2500560302875073e-08]
> [-0.0018357689963197643, 0.03758191736862404, -7.2647947586546024e-06, -1.9556958513513444e-08]
> [-0.0022308371160493223, 0.045074582136441776, -8.137177806233353e-06, -1.6720088538092945e-08]
> [-0.0024299098141176145, 0.05146513142238085, -4.8973714354971776e-06, -1.4888471341948227e-08]
> [-0.002150276855081401, 0.055981144501202174, -8.179292461107934e-07, -1.3849276673888892e-08]
> [-0.0017014696823594022, 0.06000176223641951, 1.543282834859383e-08, -1.300918618924884e-08]
> [-0.001550382073919998, 0.06519123337472266, -2.299500541091959e-06, -1.2215709089140004e-08]
> [-0.001763500274772234, 0.07155824434688451, -4.082908289682052e-06, -1.1400463100272438e-08]
> [-0.0019838031648875543, 0.07767315936022534, -2.8463381083199124e-06, -1.0785606988997044e-08]
> [-0.00189560884823603, 0.08250061968050026, 6.29251699635347e-08, -1.0409771760806512e-08]
> [-0.0015800120589499755, 0.08653287147059974, 1.4401939214536696e-06, -1.0061965850218011e-08]
> [-0.0013683288148635953, 0.09102097511247731, 2.495790107914786e-07, -9.749408274509074e-09]
> [-0.0014290413529725043, 0.09644133343808203, -1.5022057899827246e-06, -9.457525429663215e-09]
> [-0.0015971398468606068, 0.10205648407119039, -1.4668713905763298e-06, -9.186666331307136e-09]
> [-0.0016081961484024632, 0.10692439772709506, 3.136993864671922e-07, -8.965214836207416e-09]
> [-0.0014142775791512463, 0.11100459185492983, 1.7626061463715814e-06, -8.715078748665303e-09]
> [-0.0012093072788683656, 0.11508272576293077, 1.4416479583445607e-06, -8.460077434061365e-09]
> [-0.001174480749075002, 0.11976083150739747, 1.0556150442653234e-07, -8.244936963133844e-09]
> [-0.0012727681365971577, 0.1247947886712737, -4.4057343107084534e-07, -8.039845010788978e-09]
> [-0.0013209638526543444, 0.12948957876848777, 4.3922097958670747e-07, -7.8329982234712e-09]
> [-0.001219029190290044, 0.13355613743770345, 1.643328883638162e-06, -7.590281924499964e-09]
> [-0.0010530519674167849, 0.13738716348340763, 1.8337203941953817e-06, -7.321243699850257e-09]
> [-0.000971456398549897, 0.1415161139321821, 1.000553597307885e-06, -7.080146105308907e-09]
> [-0.0010068219418339908, 0.1459891770083841, 2.9331048612135646e-07, -6.861214707849115e-09]
> [-0.0010546141494707229, 0.15038021961337833, 5.432027796459238e-07, -6.638959040926793e-09]
> [-0.0010113742881552312, 0.1543431199162093, 1.3786883981126152e-06, -6.390966402537562e-09]
> [-0.0008926108921629705, 0.1579967226940635, 1.7927135358419832e-06, -6.114731694285091e-09]
> [-0.0007988220994930018, 0.1617261877843692, 1.4034181754496444e-06, -5.848138945284696e-09]
> [-0.0007890087570130433, 0.16570738244451544, 7.835663895505718e-07, -5.605238663468017e-09]
> [-0.000819047525270733, 0.16973583148482607, 6.946973920562982e-07, -5.367455545156467e-09]
> [-0.0008062908926085299, 0.17351337756829377, 1.1794872669668166e-06, -5.115775868680861e-09]
> [-0.0007291085745935177, 0.1770019918998358, 1.6145212757834315e-06, -4.8426928055610315e-09]
> [-0.0006431513503084574, 0.18043204063241713, 1.5160423902926823e-06, -4.568226223813156e-09]
> [-0.0006071835169034756, 0.1840031978873311, 1.069865651182056e-06, -4.311523401943912e-09]
> [-0.0006156205244653989, 0.1876617538976939, 8.334174683710671e-07, -4.065706409929793e-09]
> [-0.0006138224761063071, 0.19119776488157036, 1.0451268543931747e-06, -3.815838001939962e-09]
> [-0.0005671542209135794, 0.19450678562282953, 1.396956738730637e-06, -3.553058920810405e-09]
> [-0.000497676472186015, 0.1976950228307759, 1.4619286456962755e-06, -3.285028953873037e-09]
> [-0.00045112087586129945, 0.20092977222488528, 1.197242474049176e-06, -3.0272645444920363e-09]
> [-0.00044147781221326454, 0.2042410385492328, 9.397428710755662e-07, -2.781232926100874e-09]
> [-0.00043946913267944865, 0.20750720848163784, 9.719182232359458e-07, -2.537463201330604e-09]
> [-0.00041192836555214996, 0.21061545626836153, 1.2054550015960785e-06, -2.2878381648023347e-09]
> [-0.00036009212112197986, 0.21358970156241508, 1.3330343131556788e-06, -2.0334338424269295e-09]
> [-0.0003133793650391681, 0.2165449788329088, 1.209983818029059e-06, -1.7838834596737765e-09]
> [-0.0002919509957139965, 0.2195444412885097, 9.97242140421406e-07, -1.544037260757003e-09]
> [-0.0002850504253864017, 0.22253544262825997, 9.363232011949663e-07, 5.851871486229161e-05]
> [-0.0002675688188862324, 0.2254263759797155, 1.0777212491319688e-06, 0.00022142133498445876]
> [-0.0002306170150738751, 0.22819705824022396, 1.2605255665931736e-06, 0.00047829498131216405]
> [-0.00018934911391976783, 0.2309123346299149, 1.295810733381586e-06, 0.000812822997346787]
> [-0.0001623368179650697, 0.23363703791733936, 1.18937440074518e-06, 0.0012103287368480375]
> [-0.00014996065164663008, 0.23636292747906396, 1.1834938664634365e-06, 0.0016585316389141113]
> [-0.00013653202624475114, 0.23902901671787014, 1.5033741957992675e-06, 0.0021472922400260644]
> [-0.00011038510889527231, 0.24159899813937624, 2.038090205047638e-06, 0.002668261102326277]
> [-7.655843469400736e-05, 0.24409967278758327, 2.4009239529831916e-06, 0.0032145670562860385]
> [-4.8699248721639776e-05, 0.24658221254547552, 2.40110443350261e-06, 0.0037805568658129812]
> [-3.233131929913924e-05, 0.24906120259761622, 2.347131912827649e-06, 0.004361580299005043]
> [-1.972224155544211e-05, 0.251503882258338, 2.7103264885752765e-06, 0.004953813062347763]
> [-5.368404583094843e-07, 0.2538746917890071, 3.5094198729268555e-06, 0.00555411098602869]
> [2.6065632703797803e-05, 0.25617667020601687, 4.222211655857677e-06, 0.0061598899571400295]
> [5.183390917196107e-05, 0.2584431312243831, 4.412554982735628e-06, 0.006769027062476334]
> [7.00930532584465e-05, 0.2606961407031996, 4.297899890204349e-06, 0.007379779204954789]
> [8.310433555180907e-05, 0.26292366761889063, 4.4972698285405954e-06, 0.007990716094408386]
> [9.823387656826554e-05, 0.2650986885541622, 5.27771451341863e-06, 0.008600665061282075]
> [0.00011887451854875053, 0.26721257790616715, 6.187970684301547e-06, 0.009208665609525058]
> [0.00014117181001616075, 0.2692828490195769, 6.617414310738923e-06, 0.009813931996631742]
> [0.00015943952149388707, 0.27133012638434906, 6.548802446992852e-06, 0.01041582243428885]
> [0.00017287836854862348, 0.2733548754362394, 6.567047869054932e-06, 0.01101381373454]
> [0.00018579046459432647, 0.27534032295485567, 7.134529107055698e-06, 0.011607480423100884]
> [0.00020197818574008153, 0.27727450410810395, 8.027562365064966e-06, 0.012196477530453779]
> [0.00022051279518109368, 0.27916369041668876, 8.628973934499129e-06, 0.012780526419789828]
> [0.00084044944737105, 0.27749092923744634, 0.00010767166203429213, 0.013417009669292384]
> [0.0021006309874120888, 0.27148274912917625, 0.0002463397064902395, 0.01399004186341852]
> [0.0034594185313094883, 0.26310490156453703, 0.00032887851113372335, 0.014557590926709583]
> [0.004453146048282619, 0.2536070777533599, 0.00035294981702627126, 0.01511953547690301]
> [0.004910423610551717, 0.24392722751103157, 0.0003471006914388397, 0.015675772889422963]
> [0.004928797130929752, 0.23445525685627544, 0.000326311062715412, 0.016226210835956538]
> [0.004771746250079367, 0.22490627307709765, 0.00030005910238894984, 0.016770790076977966]
> [0.004654028537446564, 0.21498940917905163, 0.00027106278944089013, 0.01730947538298953]
> [0.004605992595713815, 0.204894500427927, 0.00023361351411210762, 0.017842243811944825]
> [0.004539533120092365, 0.19505502993600743, 0.00018671828138661084, 0.01836908571743357]
> [0.004403175603569842, 0.1856415210024629, 0.00014251600183445845, 0.01889000701565923]
> [0.0042414333398346216, 0.1764462865506058, 0.00011415594800290307, 0.019405023273142308]
> [0.0041228509877768715, 0.16721292247380415, 9.982384686946233e-05, 0.019914152604538472]
> [0.004055113312418257, 0.15793794000701844, 8.567763224753833e-05, 0.020417413788243625]
> [0.0039893896878471224, 0.14881115713570026, 6.326319656135837e-05, 0.020914827614322225]
> [0.0038885197708031782, 0.1399499834634037, 3.8248581184952e-05, 0.0214064181863998]
> [0.0037661346834951814, 0.13128005152033406, 2.0983623668868745e-05, 0.021892212136755473]
> [0.0036587820079097, 0.12266374666356494, 1.312469654912718e-05, 0.022372237255735575]
> [0.003578623024570682, 0.11407091219718701, 6.986074922110674e-06, 0.0228465222910917]
> [0.0035052755645645917, 0.10558646703760388, -3.917509054929269e-06, 0.02331509718463197]
> [0.003416830940214055, 0.09728466175791706, -1.7709126661102914e-05, 0.023777993046048034]
> [0.003315293653053608, 0.08914525280618779, -2.8162170344181447e-05, 0.024235241748659552]
> [0.003218644201002263, 0.08109760936696286, -3.298783416028073e-05, 0.024686875617110537]
> [0.0031364818329571165, 0.07311209893188497, -3.584166323822302e-05, 0.0251329275563215]
> [0.0030610047014487662, 0.06522298642974, -4.0973678196998264e-05, 0.025573431162781036]
> [0.002980042191986776, 0.057472765408917326, -4.8267855246919567e-05, 0.026008420554695842]
> [0.0028920186972767326, 0.049860190101393975, -5.437514322803594e-05, 0.02643793010555129]
> [0.0028052533451266015, 0.04235066975409829, -5.736106815401598e-05, 0.02686199435067287]
> [0.002726087238202446, 0.03492243271102691, -5.872970957732093e-05, 0.027280648123837476]
> [0.0026520734664350343, 0.027587139256994853, -6.102016884046435e-05, 0.02769392664976572]
> [0.0025768419939824483, 0.020367334403805337, -6.46995526647487e-05, 0.028101865438201416]
> [0.0024983150731987536, 0.013266743155748273, -6.811063190159672e-05, 0.028504500115747962]
> [0.0024200678345982496, 0.006269143382642284, -6.988944051578017e-05, 0.028901866372721123]
> [0.0023458883569666966, -0.0006396185321753123, -7.052347086666799e-05, 0.029294000045810818]
> [0.0022753745285761795, -0.0074571572869084335, -7.142640168211756e-05, 0.029680937186715262]
> [0.002205371290762592, -0.014172437560016071, -7.313329008162839e-05, 0.030062714015684524]
> [0.0021342250505593796, -0.020781712286026988, -7.489736340193787e-05, 0.030439366824220458]
> [0.0020633142282298067, -0.027292340291602102, -7.585512204499878e-05, 0.030810931934752647]
> [0.001994743077354144, -0.0337129613171534, -7.607581565682864e-05, 0.03117744573921384]
> [0.00192874685963762, -0.040044508217362385, -7.629226328020877e-05, 0.03153894474206966]
> [0.0018638511503432653, -0.04628216355126025, -7.693019410570656e-05, 0.03189546554434074]
> [0.0017989531768876077, -0.052423437285035845, -7.769706937654774e-05, 0.0322470447909312]
> [0.0017344859646293287, -0.05847166116045166, -7.808991875268845e-05, 0.032593719140775884]
> [0.0016715473801598435, -0.06443197522824651, -7.803734829447961e-05, 0.032935525280171074]
> [0.0016104727607366698, -0.07030617951632667, -7.789477078645746e-05, 0.03327249994586214]
> [0.001550618416658267, -0.0760926198796863, -7.794752661993698e-05, 0.03360467992080755]
> [0.0014913180185542885, -0.08179004959442171, -7.810706993005567e-05, 0.033932102006654176]
> [0.0014326387537311192, -0.08740010147174182, -7.811477955854684e-05, 0.034254803002999004]
> [0.0013751182159786879, -0.09292586713633977, -7.787002694037426e-05, 0.034572819708915466]
> [0.001319024682798542, -0.09836913120141055, -7.7521471022024e-05, 0.03488618893306743]
> [0.001264100921651412, -0.10372974773077193, -7.725055307172823e-05, 0.03519494749247081]
> [0.0012099704339521011, -0.1090073663459874, -7.705519958278728e-05, 0.03549913219812445]
> [0.0011565839639624542, -0.11420297400671053, -7.6796798062162e-05, 0.03579877984118188]
> [0.0011041854512106042, -0.1193185304700588, -7.639573501716512e-05, 0.036093927189617805]
> [0.0010529504186935768, -0.12435556714227491, -7.591441138288246e-05, 0.03638461099116595]
> [0.0010027885065877484, -0.1293145996253866, -7.54566143710278e-05, 0.036670867972230195]
> [0.0009534971762485966, -0.13419583321322204, -7.504119479229132e-05, 0.03695273482971566]
> [0.0009050072316254543, -0.13900004661533583, -7.46020031128225e-05, 0.037230248221697286]
> [0.0008574174108035848, -0.1437286002667033, -7.408572546374614e-05, 0.037503444762817056]
> [0.0008108286823116373, -0.14838276807615092, -7.351265300670207e-05, 0.03777236102358153]
> [0.0007652154787542997, -0.1529633182198431, -7.293872764257969e-05, 0.03803703352858589]
> [0.000720472323853194, -0.15747076316124442, -7.238495467376538e-05, 0.03829749875124652]
> [0.0006765407217814712, -0.16190583346590337, -7.182286347617861e-05, 0.03855379310730138]
> [0.0006334521075901378, -0.166269580320753, -7.122003860970949e-05, 0.03880595295026467]
> [0.0005912578166951121, -0.17056307825265105, -7.057971335111546e-05, 0.039054014569095914]
> [0.0005499530995578539, -0.17478716337975442, -6.993027321833267e-05, 0.03929801418585161]
> [0.0005094834237500123, -0.17894249785310024, -6.92881651058741e-05, 0.0395379879517529]
> [0.0004698061802148601, -0.18302980887696751, -6.864290291375141e-05, 0.03977397194238323]
> [0.00043092405933187194, -0.187049987533646, -6.797634227151406e-05, 0.04000600215361872]
> [0.0003928574975091692, -0.19100397687796633, -6.727434768549756e-05, 0.039951665021510686]
> [0.00035560643456467034, -0.1948925938500965, -6.651447603989169e-05, 0.03990309949709025]
> [0.00031914181167103095, -0.19871655690754952, -6.570037754816127e-05, 0.039883600047998395]
> [0.00028343471745806426, -0.2024765934382513, -6.485186189664205e-05, 0.03990477710035402]
> [0.00024847779174930196, -0.2061735108230609, -6.398440017463258e-05, 0.039961406639972684]
> [0.0002142763735486497, -0.20980815036845968, -6.310526704389474e-05, 0.03999953863043532]
> [0.00018082716418987843, -0.21338130318967252, -6.221295971897689e-05, 0.04000000005262786]
> [0.00014811200508546563, -0.21689369542831027, -6.130413655824896e-05, 0.040000000053897936]
> [0.00011611020638913061, -0.22034604492512244, -6.038074451808484e-05, 0.04000000005392904]
> [8.481126485460067e-05, -0.22373910357319193, -5.9445781301903367e-05, 0.040000000053931555]
> [5.421288464901863e-05, -0.22707364298593458, -5.8501851388115256e-05, 0.04000000005393498]
> [2.431018219883896e-05, -0.23035041312250026, -5.755245340921533e-05, 0.04000000005393956]
> [-4.909492359317369e-06, -0.23357012752918216, -5.660139300811551e-05, 0.04000000005394504]
> [-3.346153016892117e-05, -0.23673348563361518, -5.565057411427432e-05, 0.040000000053950796]
> [-6.135708361654224e-05, -0.23984119780340496, -5.46998061494719e-05, 0.04000000005395627]
> [-8.860244193709121e-05, -0.24289398401036877, -5.374909396849148e-05, 0.04000000005396181]
> [-0.00011520402433529142, -0.2458925540502621, -5.280023904497e-05, 0.040000000053967956]
> [-0.000141171901085535, -0.24883759634667157, -5.185581829802999e-05, 0.04000000005397457]
> [-0.00016651821190016847, -0.2517297860527119, -5.091722360894835e-05, 0.04000000005398136]
> [-0.0001912535143038241, -0.2545697986069806, -4.9984313281292714e-05, 0.0400000000539878]
> [-0.00021538571556156683, -0.2573583120517542, -4.905679171240962e-05, 0.040000000053994164]
> [-0.0002389221746925685, -0.26009599825441665, -4.813535386372081e-05, 0.04000000005400064]
> [-0.0002618718147777699, -0.26278351575760706, -4.722132714274352e-05, 0.040000000054007334]
> [-0.00028424484205391565, -0.26542151203903774, -4.63155742167487e-05, 0.040000000054014016]
> [-0.00030605097265556935, -0.2680106303740235, -4.5418101407790346e-05, 0.04000000005402053]
> [-0.00032729854439761397, -0.27055151243292386, -4.4528668267318494e-05, 0.04000000005402681]
> [-0.0003479953067424546, -0.27304479475099797, -4.36474730953762e-05, 0.04000000005403302]
> [-0.0003681495828171677, -0.2754911046226374, -4.2775119903915026e-05, 0.040000000054039295]
> [-0.0003877703932921861, -0.2778910602722062, -4.19120824490804e-05, 0.04000000005404554]
> [-0.0004068666546874766, -0.28024527411397493, -4.105840280743678e-05, 0.04000000005405156]
> [-0.00042544658793630674, -0.2825543546963818, -4.021391653363793e-05, 0.04000000005405745]
> [-0.00044351795711161657, -0.2848189054948218, -3.937862551772753e-05, 0.04000000005406323]
> [-0.0004610886647649082, -0.2870395227421785, -3.8552762640087224e-05, 0.040000000054068896]
> [-0.00047816694152480466, -0.2892167950429565, -3.7736552864764406e-05, 0.04000000005407444]
> [-0.0004947610143588577, -0.29135130482183147, -3.693001899396364e-05, 0.04000000005407991]
> [-0.0005108787575247575, -0.29344362956425396, -3.6133044586605934e-05, 0.04000000005408522]
> [-0.0005265277264916435, -0.295494341542498, -3.534556240758491e-05, 0.040000000054090316]
> [-0.0005417154429316895, -0.29750400675783784, -3.4567626028270126e-05, 0.04000000005409541]
> [-0.0005564495466039432, -0.2994731845390284, -3.379931363944877e-05, 0.04000000005410036]
> [-0.000570737675066546, -0.3014024281402099, -3.304061577491524e-05, 0.04000000005410516]
> [-0.0005845872747007874, -0.30329228546446085, -3.2291439659992704e-05, 0.04000000005410989]
> [-0.0005980055744698731, -0.30514329911121507, -3.155169805602043e-05, 0.040000000054114374]
> [-0.0006109997126744204, -0.3069560059084919, -3.08213623263498e-05, 0.040000000054118814]
> [-0.0006235768361113614, -0.3087309366348574, -3.0100429310842003e-05, 0.040000000054123123]
> [-0.0006357440666917569, -0.3104686162477952, -2.938886151060416e-05, 0.04000000005412736]
> [-0.000647508406461661, -0.31216956428380094, -2.8686575666903025e-05, 0.04000000005413142]
> [-0.0006588767042998711, -0.31383429498325466, -2.7993481506172202e-05, 0.04000000005413542]
> [-0.000669855707425171, -0.3154633171145651, -2.7309515065354617e-05, 0.04000000005413931]
> [-0.0006804521191856594, -0.31705713381861145, -2.663463070717853e-05, 0.04000000005414306]
> [-0.000690672596856956, -0.3186162426923591, -2.5968771472761887e-05, 0.04000000005414669]
> [-0.000700523707390488, -0.3201411360058488, -2.531185705745287e-05, 0.040000000054150255]
> [-0.0007100119022149798, -0.3216323008218085, -2.466379906973515e-05, 0.040000000054153675]
> [-0.0007191435355995424, -0.32309021895404033, -2.402451991923016e-05, 0.04000000005415706]
> [-0.0007279248957843265, -0.32451536689869354, -2.339395334249872e-05, 0.040000000054160295]
> [-0.0007363622112546153, -0.32590821586997976, -2.277203074285694e-05, 0.04000000005416345]
> [-0.0007444616319345343, -0.3272692319211483, -2.2158672503103105e-05, 0.040000000054166485]
> [-0.0007522292135071496, -0.32859887603976023, -2.1553793074780003e-05, 0.040000000054169475]
> [-0.000759670922557909, -0.3298976041625741, -2.0957310867153467e-05, 0.04000000005417236]
> [-0.0007667926523549085, -0.3311658671596014, -2.036915071812473e-05, 0.04000000005417521]
> [-0.0007736002295732902, -0.3324041108593052, -1.9789238122847053e-05, 0.040000000054177864]
> [-0.000780099407384327, -0.33361277612247964, -1.921749388422711e-05, 0.04000000005418048]
> [-0.0007862958568720657, -0.33479229891529894, -1.865383524446429e-05, 0.04000000005418306]
> [-0.0007921951676692629, -0.33594311034505253, -1.8098180700754085e-05, 0.04000000005418556]
> [-0.0007978028556161476, -0.33706563667308576, -1.7550452245274073e-05, 0.04000000005418792]
> [-0.0008031243678363609, -0.33816029934143543, -1.7010573199804924e-05, 0.040000000054190195]
> [-0.0008081650809472762, -0.3392275150249908, -1.6478465244773588e-05, 0.040000000054192485]
> [-0.0008129302969148711, -0.34026769568905113, -1.5954048250499397e-05, 0.04000000005419464]
> [-0.0008174252426282891, -0.3412812486308754, -1.5437242470106582e-05, 0.04000000005419676]
> [-0.0008216550735511419, -0.3422685765070055, -1.4927970056533013e-05, 0.040000000054198806]
> [-0.0008256248771170149, -0.34323007736358235, -1.4426154416824488e-05, 0.040000000054200756]
> [-0.0008293396729133207, -0.34416614467902296, -1.3931718689796924e-05, 0.04000000005420269]
> [-0.0008328044110355037, -0.3450771674119837, -1.3444585311717105e-05, 0.04000000005420454]
> [-0.0008360239717308815, -0.34596353004309677, -1.2964676925797392e-05, 0.040000000054206286]
> [-0.0008390031672131926, -0.34682561260868194, -1.2491917290802235e-05, 0.040000000054208056]
> [-0.0008417467438635029, -0.34766379073392173, -1.2026231189565806e-05, 0.04000000005420971]
> [-0.0008442593830304546, -0.34847843567154335, -1.1567543698909333e-05, 0.04000000005421128]
> [-0.0008465457006785471, -0.34926991434412624, -1.1115779826376126e-05, 0.04000000005421287]
> [-0.0008486102473499457, -0.3500385893843383, -1.0670864843298489e-05, 0.04000000005421439]
> [-0.0008504575092045386, -0.3507848191709382, -1.0232724774184021e-05, 0.040000000054215876]
> [-0.0008520919094747725, -0.3515089578634969, -9.801286468658077e-06, 0.04000000005421726]
> [-0.0008535178093840301, -0.3522113554392776, -9.37647728171953e-06, 0.04000000005421865]
> [-0.0008547395083935427, -0.3528923577322356, -8.958224827715355e-06, 0.04000000005421993]
> [-0.00085576124445641, -0.35355230647148694, -8.546457081592962e-06, 0.040000000054221184]
> [-0.0008565871947459058, -0.3541915393176467, -8.141102618708373e-06, 0.04000000005422242]
> [-0.0008572214767008646, -0.35481038989802727, -7.74209070719678e-06, 0.04000000005422359]
> [-0.0008576681488783322, -0.355409187842497, -7.3493511836275616e-06, 0.04000000005422472]
> [-0.000857931211474039, -0.35598825882040597, -6.962814302902132e-06, 0.04000000005422582]
> [-0.0008580147161172391, -0.35654792440344174, -6.582399935339822e-06, 0.04000000005422691]
> [-0.0008579226626190817, -0.35708850236108436, -6.208031912535716e-06, 0.04000000005422788]
> [-0.0008576584617614458, -0.35761030753152045, -5.839675918828391e-06, 0.040000000054228886]
> [-0.000857225877350487, -0.35811364997410156, -5.47727713673396e-06, 0.040000000054229816]
> [-0.0008566288115847698, -0.3585988354492269, -5.120769476896214e-06, 0.04000000005423075]
> [-0.0008558710516979318, -0.3590661663031538, -4.770055155312036e-06, 0.0400000000542316]
> [-0.0008549561580863951, -0.3595159417885476, -4.425030018850862e-06, 0.04000000005423246]
> [-0.0008538875736237017, -0.3599484576166674, -4.085631402084289e-06, 0.040000000054233285]
> [-0.0008526687741206018, -0.3603640054697834, -3.7518362985267117e-06, 0.04000000005423403]
> [-0.0008513032816859223, -0.3607628730723933, -3.4236098578332985e-06, 0.04000000005423481]
> [-0.0008497945621170899, -0.36114534464251147, -3.100873546380001e-06, 0.040000000054235464]
> [-0.0008481459524984913, -0.36151170115994713, -2.7835299860612395e-06, 0.0400000000542362]
> [-0.0008463606943323043, -0.3618622202339399, -2.4715057413970953e-06, 0.04000000005423685]
> [-0.0008444420095745642, -0.3621971758573874, -2.1647583974271356e-06, 0.04000000005423749]
> [-0.000842393124033336, -0.3625168383905688, -1.8632470624169173e-06, 0.04000000005423811]
> [-0.0008402172255737028, -0.36282147477293947, -1.5669082999991701e-06, 0.040000000054238725]
> [-0.0008379174211023965, -0.3631113487046802, -1.2756639051758611e-06, 0.04000000005423925]
> [-0.0008354967417201209, -0.3633867206379149, -9.89444264298811e-07, 0.04000000005423981]
> [-0.0008329581788659723, -0.36364784767155367, -7.08196997045718e-07, 0.040000000054240314]
> [-0.0008303047036637423, -0.36389498352864, -4.3187458231841447e-07, 0.04000000005424085]
> [-0.0008275392524996761, -0.36412837865732595, -1.604200807747702e-07, 0.04000000005424129]
> [-0.0008246647041207922, -0.36434828034687694, 1.0623256851971519e-07, 0.040000000054241744]
> [-0.0008216838767882706, -0.3645549327600337, 3.6814698045617433e-07, 0.04000000005424218]
> [-0.0008185995443037442, -0.36474857690163365, 6.253785205245777e-07, 0.040000000054242583]
> [-0.0008154144487670933, -0.36492945060996096, 8.779779729906068e-07, 0.040000000054243014]
> [-0.0008121312971214323, -0.3650977886099387, 1.125999333773109e-06, 0.040000000054243354]
> [-0.0008087527500180158, -0.3652538225875954, 1.369501319459232e-06, 0.04000000005424371]
> [-0.0008052814180485868, -0.36539778123122435, 1.6085426466361241e-06, 0.04000000005424406]
> [-0.0008017198683365478, -0.3655298902354893, 1.843177917848493e-06, 0.04000000005424442]
> [-0.0007980706320607212, -0.3656503723071918, 2.0734586110293662e-06, 0.040000000054244686]
> [-0.0007943362047893032, -0.3657594471996388, 2.2994367849804576e-06, 0.040000000054244964]
> [-0.0007905190416002128, -0.3658573317633911, 2.5211666567770408e-06, 0.04000000005424528]
> [-0.0007866215543517185, -0.36594423998555303, 2.738702805871185e-06, 0.040000000054245546]
> [-0.000782646114201313, -0.3660203830093689, 2.952097869268755e-06, 0.040000000054245775]
> [-0.0007785950557650523, -0.3660859691498981, 3.161402456264284e-06, 0.04000000005424605]
> [-0.0007744706783867628, -0.36614120392177973, 3.3666668262100075e-06, 0.040000000054246275]
> [-0.000770275244334151, -0.36618629007726344, 3.5679420049561372e-06, 0.04000000005424649]
> [-0.0007660109772658075, -0.36622142764134935, 3.7652792235221e-06, 0.04000000005424665]
> [-0.0007616800631407017, -0.3662468139371864, 3.9587287332665255e-06, 0.04000000005424685]
> [-0.0007572846524777077, -0.36626264360731486, 4.1483394950248e-06, 0.04000000005424703]
> [-0.0007528268615812905, -0.36626910863941564, 4.334159864782805e-06, 0.040000000054247226]
> [-0.0007483055068764344, -0.36626641879166755, 4.517787326463463e-06, 0.040000000054247385]
> [-0.0007437264237886154, -0.3662547378265577, 4.6964718283248885e-06, 0.04000000005424749]
> [-0.0007390948067094172, -0.36623423551933243, 4.869825919406878e-06, 0.04000000005424764]
> [-0.0007344118710657099, -0.3662050981049374, 5.0395909951816975e-06, 0.04000000005424783]
> [-0.0007296753267782563, -0.3661675218131526, 5.207438740661985e-06, 0.04000000005424795]
> [-0.0007248849601664276, -0.36612169034940223, 5.3726596247472e-06, 0.04000000005424804]
> [-0.0007200446257149551, -0.3660677696435224, 5.533600525353677e-06, 0.04000000005424817]
> [-0.0007151591297480664, -0.36600592120615083, 5.69002065375912e-06, 0.04000000005424824]
> [-0.0007102307395294716, -0.36593631434177354, 5.843129978977402e-06, 0.040000000054248294]
> [-0.0007052593446026378, -0.36585912376908336, 5.993832823847356e-06, 0.04000000005424844]
> [-0.0007002451942152987, -0.36577451901628333, 6.14175590563093e-06, 0.04000000005424848]
> [-0.0006951904998322433, -0.36568265963457947, 6.2860309375523116e-06, 0.04000000005424852]
> [-0.0006900983893816104, -0.36558370021106157, 6.426474483234301e-06, 0.04000000005424861]
> [-0.0006849710551577459, -0.3654777971272827, 6.563687267480134e-06, 0.04000000005424867]
> [-0.0006798093838460417, -0.36536510904852193, 6.698224072287928e-06, 0.040000000054248745]
> [-0.0006746141165843156, -0.36524579218510134, 6.830019113834851e-06, 0.040000000054248815]
> [-0.0006693868517100299, -0.3651199969931662, 6.9586609532379384e-06, 0.04000000005424885]
> [-0.0006641298005511942, -0.36498786969813857, 7.083992168865905e-06, 0.040000000054248856]
> [-0.0006588448824418336, -0.36484955574969646, 7.2062714622234125e-06, 0.040000000054248905]
> [-0.0006535333430823798, -0.3647052008631171, 7.325823599302339e-06, 0.04000000005424894]
> [-0.000648196195856876, -0.364554949103038, 7.4427012561884e-06, 0.04000000005424899]
> [-0.0006428347843669968, -0.3643989409314825, 7.556738053082768e-06, 0.04000000005424899]
> [-0.0006374508029178827, -0.3642373134534225, 7.667835211222496e-06, 0.04000000005424895]
> [-0.0006320458874231605, -0.3640702020616029, 7.77610002433704e-06, 0.04000000005424899]
> [-0.0006266213449048763, -0.3638977413055091, 7.881716962643281e-06, 0.04000000005424903]
> [-0.0006211782920217956, -0.3637200642251308, 7.984763483293023e-06, 0.04000000005424903]
> [-0.0006157179450463346, -0.3635373013080203, 8.085191937290404e-06, 0.040000000054249016]
> [-0.0006102416973661207, -0.36334958036333465, 8.182956514168893e-06, 0.040000000054248995]
> [-0.0006047509505640036, -0.36315702725123167, 8.278106014003583e-06, 0.04000000005424903]
> [-0.0005992469511069132, -0.3629597664578803, 8.370746473751467e-06, 0.04000000005424901]
> [-0.000593730815520388, -0.3627579209316947, 8.460948207833496e-06, 0.040000000054248974]
> 